CHR	BP	REF	TOTAL	A	C	G	T	N
2	60688511	G	1	0	0	1	0	0
2	60688512	T	1	0	0	0	1	0
2	60688513	C	1	0	1	0	0	0
2	60688514	C	1	0	1	0	0	0
2	60688515	A	1	1	0	0	0	0
2	60688516	C	1	0	1	0	0	0
2	60688517	C	1	0	1	0	0	0
2	60688518	C	1	0	1	0	0	0
2	60688519	T	1	0	0	0	1	0
2	60688520	C	1	0	1	0	0	0
2	60688521	T	1	0	0	0	1	0
2	60688522	C	1	0	1	0	0	0
2	60688523	G	1	0	0	1	0	0
2	60688524	C	1	0	1	0	0	0
2	60688525	T	1	0	0	0	1	0
2	60688526	C	1	0	1	0	0	0
2	60688527	T	1	0	0	0	1	0
2	60688528	C	1	0	1	0	0	0
2	60688529	C	1	0	1	0	0	0
2	60688530	G	1	0	0	1	0	0
2	60688531	T	3	0	0	0	3	0
2	60688532	C	3	0	3	0	0	0
2	60688533	A	3	3	0	0	0	0
2	60688534	G	3	0	0	2	0	0
2	60688535	C	2	0	2	0	0	0
2	60688536	T	2	0	0	0	2	0
2	60688537	C	2	0	2	0	0	0
2	60688538	C	3	0	3	0	0	0
2	60688539	T	3	0	0	0	3	0
2	60688540	C	3	0	3	0	0	0
2	60688541	C	4	0	4	0	0	0
2	60688542	T	4	0	0	0	4	0
2	60688543	C	4	0	4	0	0	0
2	60688544	C	4	0	4	0	0	0
2	60688545	T	4	0	0	0	4	0
2	60688546	C	4	0	4	0	0	0
2	60688547	C	4	0	4	0	0	0
2	60688548	T	4	0	0	0	4	0
2	60688549	C	4	0	4	0	0	0
2	60688550	T	4	0	0	0	4	0
2	60688551	T	4	0	0	0	4	0
2	60688552	C	4	0	4	0	0	0
2	60688553	C	5	0	5	0	0	0
2	60688554	T	6	0	0	0	6	0
2	60688555	C	8	0	8	0	0	0
2	60688556	C	11	0	11	0	0	0
2	60688557	T	11	0	0	0	11	0
2	60688558	C	11	0	11	0	0	0
2	60688559	T	11	0	2	0	9	0
2	60688560	T	11	0	0	0	11	0
2	60688561	C	13	0	13	0	0	0
2	60688562	T	16	0	0	0	16	0
2	60688563	T	16	0	0	0	16	0
2	60688564	C	37	0	37	0	0	0
2	60688565	C	44	0	43	0	1	0
2	60688566	T	46	0	0	0	46	0
2	60688567	C	47	0	47	0	0	0
2	60688568	T	52	2	0	1	49	0
2	60688569	T	56	0	0	0	56	0
2	60688570	C	166	0	166	0	0	0
2	60688571	C	200	0	200	0	0	0
2	60688572	T	204	0	1	0	203	0
2	60688573	C	301	0	301	0	0	0
2	60688574	G	338	12	0	326	0	0
2	60688575	T	345	0	0	0	345	0
2	60688576	C	368	0	368	0	0	0
2	60688577	G	368	8	0	359	0	0
2	60688578	T	368	0	0	0	368	0
2	60688579	C	372	2	369	0	1	0
2	60688580	C	373	0	369	3	1	0
2	60688581	T	373	0	0	0	373	0
2	60688582	C	374	0	372	0	1	0
2	60688583	C	377	2	373	1	0	0
2	60688584	T	378	0	0	0	378	0
2	60688585	C	379	0	379	0	0	0
2	60688586	T	379	0	1	1	376	0
2	60688587	T	377	0	0	1	376	0
2	60688588	C	378	0	377	0	0	0
2	60688589	C	383	0	383	0	0	0
2	60688590	T	383	0	2	1	380	0
2	60688591	C	388	0	386	0	0	0
2	60688592	C	387	2	385	0	0	0
2	60688593	T	390	0	0	0	390	0
2	60688594	C	393	1	392	0	0	0
2	60688595	G	395	1	0	394	0	0
2	60688596	T	344	0	1	0	343	0
2	60688597	C	345	0	344	0	0	0
2	60688598	C	340	0	340	0	0	0
2	60688599	C	295	0	295	0	0	0
2	60688600	C	264	0	264	0	0	0
2	60688601	G	192	0	0	192	0	0
2	60688602	T	156	0	1	0	155	0
2	60688603	T	156	1	0	0	155	0
2	60688604	C	149	0	149	0	0	0
2	60688605	T	140	0	0	0	140	0
2	60688606	C	138	0	138	0	0	0
2	60688607	C	131	0	131	0	0	0
2	60688608	G	120	2	0	117	0	0
2	60688609	G	94	0	0	94	0	0
2	60688610	G	93	0	0	93	0	0
2	60688611	A	90	90	0	0	0	0
2	60688612	T	89	0	0	0	89	0
2	60688613	C	89	0	89	0	0	0
2	60688614	A	89	88	0	0	0	0
2	60688615	G	87	3	0	83	0	0
2	60688616	G	83	0	0	82	1	0
2	60688617	T	83	0	0	0	83	0
2	60688618	T	90	0	0	3	87	0
2	60688619	G	90	0	0	90	0	0
2	60688620	G	89	1	0	88	0	0
2	60688621	G	85	3	0	81	1	0
2	60688622	G	81	0	0	81	0	0
2	60688623	T	59	0	0	0	59	0
2	60688624	C	58	0	58	0	0	0
2	60688625	G	57	0	0	57	0	0
2	60688626	T	54	0	0	0	54	0
2	60688627	T	55	0	0	0	55	0
2	60688628	C	55	0	55	0	0	0
2	60688629	T	55	0	0	0	55	0
2	60688630	C	53	0	53	0	0	0
2	60688631	G	50	0	0	50	0	0
2	60688632	C	48	0	48	0	0	0
2	60688633	T	48	0	0	0	48	0
2	60688634	C	48	0	48	0	0	0
2	60688635	T	47	0	0	0	47	0
2	60688636	T	36	0	0	0	36	0
2	60688637	G	36	0	0	36	0	0
2	60688638	A	36	36	0	0	0	0
2	60688639	A	36	36	0	0	0	0
2	60688640	C	33	0	33	0	0	0
2	60688641	T	31	0	0	0	31	0
2	60688642	T	23	0	0	0	23	0
2	60688643	G	23	1	0	22	0	0
2	60688644	G	22	0	0	22	0	0
2	60688645	C	22	0	22	0	0	0
2	60688646	C	22	0	22	0	0	0
2	60688647	A	19	19	0	0	0	0
2	60688648	C	19	0	19	0	0	0
2	60688649	C	18	0	18	0	0	0
2	60688650	A	18	18	0	0	0	0
2	60688651	C	16	0	16	0	0	0
2	60688652	G	17	0	0	17	0	0
2	60688653	G	17	0	0	17	0	0
2	60688654	A	17	17	0	0	0	0
2	60688655	C	17	0	17	0	0	0
2	60688656	T	17	0	0	0	17	0
2	60688657	T	16	0	0	0	16	0
2	60688658	G	16	0	0	16	0	0
2	60688659	A	15	15	0	0	0	0
2	60688660	G	15	0	0	15	0	0
2	60688661	C	15	0	15	0	0	0
2	60688662	G	15	0	0	15	0	0
2	60688663	C	13	0	13	0	0	0
2	60688664	G	13	1	0	12	0	0
2	60688665	C	5	0	5	0	0	0
2	60688666	T	5	0	0	0	5	0
2	60688667	G	3	0	0	3	0	0
2	60688668	C	3	0	3	0	0	0
2	60688669	T	2	0	0	0	2	0
2	60688670	G	2	0	0	2	0	0
2	60688671	G	2	0	0	2	0	0
2	60688672	C	2	0	2	0	0	0
2	60688673	G	2	0	0	2	0	0
2	60688674	C	1	0	1	0	0	0
2	60688675	T	1	0	0	0	1	0
2	60688676	G	1	0	0	1	0	0
2	60688677	C	1	0	1	0	0	0
2	60688678	C	1	0	1	0	0	0
2	60688679	C	1	0	1	0	0	0
2	60688680	A	1	1	0	0	0	0
2	60688681	C	1	0	1	0	0	0
2	60688682	C	1	0	1	0	0	0
2	60688683	A	1	1	0	0	0	0
2	60688684	A	1	1	0	0	0	0
2	60688685	G	1	0	0	1	0	0
2	60688686	T	1	0	0	0	1	0
2	60688687	C	1	0	1	0	0	0
2	60688688	G	1	0	0	1	0	0
2	60688689	C	1	0	1	0	0	0
2	60688690	T	1	0	0	0	1	0
2	60688691	G	1	0	0	1	0	0
2	60688692	G	1	0	0	1	0	0
2	60688693	T	1	0	0	0	1	0
2	60688694	G	1	0	0	1	0	0
2	60688695	C	1	0	1	0	0	0
2	60688696	C	1	0	1	0	0	0
2	60688697	G	1	0	0	1	0	0
2	60688698	G	1	0	0	1	0	0
